Hà Nội 2224 107 232 749 377 457 408 242 623 297 349 176 154 536 78 650 3,6
Hà Giang 190 777 8 220 18 011 30 226 49 627 36 510 24 837 23 346 4,5
Cao Bằng 137 802 10 305 20 727 29 315 32 874 25 065 12 329 7 187 3,8
Bắc Kạn 82 835 4 735 12 938 19 457 21 434 14 018 7 007 3 246 3,8
Tuyên Quang 210 831 13 803 34 695 44 898 60 083 32 712 16 946 7 694 3,7
Lào Cai 175 034 9 316 21 843 31 042 49 957 29 739 17 377 15 760 4,1
Điện Biên 134 273 6 091 14 380 22 547 33 692 25 053 14 726 17 784 4,4
Lai Châu 101 010 4 286 8 861 14 857 27 191 19 974 12 199 13 642 4,5
Sơn La 289 516 10 667 30 820 49 989 84 598 50 851 34 714 27 877 4,3
Yên Bái 214 184 13 764 34 350 42 736 61 381 32 742 17 515 11 696 3,8
Hoà Bình 220 630 12 420 32 521 46 091 60 905 37 047 21 720 9 926 3,9
Thái Nguyên 359 236 45 228 61 146 69 842 94 009 51 260 26 413 11 338 3,5
Lạng Sơn 198 805 9 515 26 100 43 420 54 993 37 535 18 703 8 539 3,9
Quảng Ninh 368 727 31 360 65 385 77 090 109 978 52 324 22 084 10 506 3,5
Bắc Giang 478 834 38 900 78 934 86 150 129 886 79 185 43 802 21 977 3,8
Phú Thọ 402 618 33 396 74 497 77 588 109 016 62 846 30 994 14 281 3,6
Vĩnh Phúc 308 251 26 458 52 868 52 894 83 252 54 611 25 300 12 868 3,7
Bắc Ninh 424 623 93 956 84 262 58 935 86 704 57 938 28 036 14 792 3,2
Hải Dương 585 432 74 629 136 338 114 377 152 239 72 863 25 807 9 179 3,2
Hải Phòng 599 156 64 582 121 754 123 273 168 997 77 287 30 645 12 618 3,4
Hưng Yên 377 582 50 091 83 898 65 863 96 633 52 541 20 566 7 990 3,3
Thái Bình 606 947 93 093 151 821 120 503 148 608 65 278 20 897 6 747 3,1
Hà Nam 269 692 39 985 63 850 50 389 66 807 34 347 10 385 3 929 3,2
Nam Định 570 901 77 496 152 155 112 573 127 875 71 206 21 944 7 652 3,1
Ninh Bình 296 369 34 186 63 657 60 639 77 871 42 625 12 586 4 805 3,3
Thanh Hoá 979 951 79 387 168 743 186 524 264 445 157 604 80 332 42 916 3,7
Nghệ An 848 977 65 250 120 605 149 121 224 461 158 708 79 154 51 678 3,9
Hà Tĩnh 378 648 44 758 80 146 74 577 87 911 59 091 22 290 9 875 3,4
Quảng Bình 244 277 22 902 40 167 47 303 63 700 42 755 17 870 9 580 3,7
Quảng Trị 168 495 14 033 28 558 33 055 40 713 29 760 13 749 8 627 3,7
Thừa Thiên_Huế 305 905 37 370 46 873 53 520 76 698 53 171 22 938 15 335 3,7
Đà Nẵng 300 501 31 568 45 986 56 457 79 670 48 723 20 386 17 711 3,7
Quảng Nam 422 950 50 166 75 382 81 232 107 598 65 012 27 153 16 407 3,5
Quảng Ngãi 358 015 38 974 69 266 74 415 95 861 50 509 18 901 10 089 3,4
Bình Định 434 379 45 143 88 045 92 885 113 719 60 522 22 521 11 544 3,4
Phú Yên 260 436 25 604 51 194 60 868 76 129 32 389 9 460 4 792 3,3
Khánh Hoà 332 697 26 679 51 765 73 061 96 102 49 837 20 447 14 806 3,7
Ninh Thuận 161 013 13 208 25 907 35 947 44 454 24 670 9 862 6 965 3,7
Bình Thuận 329 086 25 558 50 055 68 841 92 808 53 979 22 878 14 967 3,7
Kon Tum 137 699 9 542 18 717 28 591 39 430 22 702 9 163 9 554 3,9
Gia Lai 374 512 20 034 46 602 73 487 107 365 69 229 31 089 26 706 4,0
Đắk Lắk 487 951 31 414 73 756 102 784 137 373 81 902 34 345 26 377 3,8
Đắk Nông 162 061 10 953 22 969 33 029 46 687 29 044 11 399 7 980 3,8
Lâm Đồng 358 753 34 550 61 212 75 370 99 767 51 992 20 938 14 924 3,6
Bình Phước 273 399 23 235 46 342 59 264 77 849 40 515 15 943 10 251 3,6
Tây Ninh 334 827 35 362 61 371 76 158 86 295 43 156 19 626 12 859 3,5
Bình Dương 832 087 148 217 245 149 176 264 164 819 58 263 22 242 17 133 2,9
Đồng Nai 871 133 94 290 162 113 178 522 228 219 118 869 50 500 38 620 3,5
Bà Rịa-Vũng-Tàu 321 007 31 651 55 180 70 868 88 976 43 117 17 744 13 471 3,6
TP. Hồ-Chí-Minh 2558 914 309 178 497 664 553 749 635 545 289 456 135 659 137 663 3,5
Long An 478 494 51 194 87 920 104 170 121 542 60 383 32 009 21 276 3,5
Tiền Giang 501 766 55 312 91 294 112 248 122 188 64 098 35 149 21 477 3,5
Bến Tre 402 860 51 522 90 847 102 651 87 990 41 097 19 477 9 276 3,2
Trà Vinh 284 675 29 007 49 089 66 890 73 468 36 805 18 130 11 286 3,5
Vĩnh Long 298 391 35 644 58 434 69 650 68 721 34 809 18 942 12 191 3,4
Đồng Tháp 446 228 42 240 76 341 101 943 115 177 60 409 30 963 19 155 3,6
An Giang 525 656 49 884 87 675 118 802 131 442 74 971 38 188 24 694 3,6
Kiên Giang 456 773 35 669 68 909 96 348 128 914 70 074 32 760 24 099 3,8
Cần Thơ 359 375 55 901 64 814 73 301 81 679 43 649 22 884 17 147 3,4
Hậu Giang 201 970 17 302 33 976 46 072 53 756 27 955 14 138 8 771 3,6
Sóc Trăng 319 732 24 728 49 814 70 352 86 532 48 021 23 740 16 545 3,7
Bạc Liêu 223 024 14 272 25 552 42 566 64 528 37 327 20 606 18 173 4,1
Cà Mau 305 290 19 155 41 193 64 314 86 071 48 970 26 405 19 182 3,9
